[[159, 159], [202, 203], [262, 263], [302, 323], [177, 132], [224, 181], [293, 241], [360, 274], [363, 271], [141, 173], [186, 219], [246, 284], [316, 314], [95, 100], [75, 130], [205, 190], [105, 90], [85, 120], [210, 185], [310, 185]]
[[[360, 274], 7, 1], [[363, 271], 8, 1]]
[360, 274] [363, 271]
361.5 272.5
[[7.         8.         4.24264069 2.        ]
 [0.         0.         0.         0.        ]
 [0.         0.         0.         0.        ]
 [0.         0.         0.         0.        ]
 [0.         0.         0.         0.        ]
 [0.         0.         0.         0.        ]
 [0.         0.         0.         0.        ]
 [0.         0.         0.         0.        ]
 [0.         0.         0.         0.        ]
 [0.         0.         0.         0.        ]
 [0.         0.         0.         0.        ]
 [0.         0.         0.         0.        ]
 [0.         0.         0.         0.        ]
 [0.         0.         0.         0.        ]
 [0.         0.         0.         0.        ]
 [0.         0.         0.         0.        ]
 [0.         0.         0.         0.        ]
 [0.         0.         0.         0.        ]
 [0.         0.         0.         0.        ]]
[[[205, 190], 15, 1], [[210, 185], 18, 1]]
[205, 190] [210, 185]
207.5 187.5
[[ 7.          8.          4.24264069  2.        ]
 [15.         18.          7.07106781  2.        ]
 [ 0.          0.          0.          0.        ]
 [ 0.          0.          0.          0.        ]
 [ 0.          0.          0.          0.        ]
 [ 0.          0.          0.          0.        ]
 [ 0.          0.          0.          0.        ]
 [ 0.          0.          0.          0.        ]
 [ 0.          0.          0.          0.        ]
 [ 0.          0.          0.          0.        ]
 [ 0.          0.          0.          0.        ]
 [ 0.          0.          0.          0.        ]
 [ 0.          0.          0.          0.        ]
 [ 0.          0.          0.          0.        ]
 [ 0.          0.          0.          0.        ]
 [ 0.          0.          0.          0.        ]
 [ 0.          0.          0.          0.        ]
 [ 0.          0.          0.          0.        ]
 [ 0.          0.          0.          0.        ]]
[[[95, 100], 13, 1], [[105, 90], 16, 1]]
[95, 100] [105, 90]
100.0 95.0
[[ 7.          8.          4.24264069  2.        ]
 [15.         18.          7.07106781  2.        ]
 [13.         16.         14.14213562  2.        ]
 [ 0.          0.          0.          0.        ]
 [ 0.          0.          0.          0.        ]
 [ 0.          0.          0.          0.        ]
 [ 0.          0.          0.          0.        ]
 [ 0.          0.          0.          0.        ]
 [ 0.          0.          0.          0.        ]
 [ 0.          0.          0.          0.        ]
 [ 0.          0.          0.          0.        ]
 [ 0.          0.          0.          0.        ]
 [ 0.          0.          0.          0.        ]
 [ 0.          0.          0.          0.        ]
 [ 0.          0.          0.          0.        ]
 [ 0.          0.          0.          0.        ]
 [ 0.          0.          0.          0.        ]
 [ 0.          0.          0.          0.        ]
 [ 0.          0.          0.          0.        ]]
[[[75, 130], 14, 1], [[85, 120], 17, 1]]
[75, 130] [85, 120]
80.0 125.0
[[ 7.          8.          4.24264069  2.        ]
 [15.         18.          7.07106781  2.        ]
 [13.         16.         14.14213562  2.        ]
 [14.         17.         14.14213562  2.        ]
 [ 0.          0.          0.          0.        ]
 [ 0.          0.          0.          0.        ]
 [ 0.          0.          0.          0.        ]
 [ 0.          0.          0.          0.        ]
 [ 0.          0.          0.          0.        ]
 [ 0.          0.          0.          0.        ]
 [ 0.          0.          0.          0.        ]
 [ 0.          0.          0.          0.        ]
 [ 0.          0.          0.          0.        ]
 [ 0.          0.          0.          0.        ]
 [ 0.          0.          0.          0.        ]
 [ 0.          0.          0.          0.        ]
 [ 0.          0.          0.          0.        ]
 [ 0.          0.          0.          0.        ]
 [ 0.          0.          0.          0.        ]]
[[[202, 203], 1, 1], [[207.5, 187.5], 21, 2]]
[202, 203] [207.5, 187.5]
204.75 195.25
[[ 7.          8.          4.24264069  2.        ]
 [15.         18.          7.07106781  2.        ]
 [13.         16.         14.14213562  2.        ]
 [14.         17.         14.14213562  2.        ]
 [ 1.         21.         16.4468842   3.        ]
 [ 0.          0.          0.          0.        ]
 [ 0.          0.          0.          0.        ]
 [ 0.          0.          0.          0.        ]
 [ 0.          0.          0.          0.        ]
 [ 0.          0.          0.          0.        ]
 [ 0.          0.          0.          0.        ]
 [ 0.          0.          0.          0.        ]
 [ 0.          0.          0.          0.        ]
 [ 0.          0.          0.          0.        ]
 [ 0.          0.          0.          0.        ]
 [ 0.          0.          0.          0.        ]
 [ 0.          0.          0.          0.        ]
 [ 0.          0.          0.          0.        ]
 [ 0.          0.          0.          0.        ]]
[[[302, 323], 3, 1], [[316, 314], 12, 1]]
[302, 323] [316, 314]
309.0 318.5
[[ 7.          8.          4.24264069  2.        ]
 [15.         18.          7.07106781  2.        ]
 [13.         16.         14.14213562  2.        ]
 [14.         17.         14.14213562  2.        ]
 [ 1.         21.         16.4468842   3.        ]
 [ 3.         12.         16.64331698  2.        ]
 [ 0.          0.          0.          0.        ]
 [ 0.          0.          0.          0.        ]
 [ 0.          0.          0.          0.        ]
 [ 0.          0.          0.          0.        ]
 [ 0.          0.          0.          0.        ]
 [ 0.          0.          0.          0.        ]
 [ 0.          0.          0.          0.        ]
 [ 0.          0.          0.          0.        ]
 [ 0.          0.          0.          0.        ]
 [ 0.          0.          0.          0.        ]
 [ 0.          0.          0.          0.        ]
 [ 0.          0.          0.          0.        ]
 [ 0.          0.          0.          0.        ]]
[[[159, 159], 0, 1], [[141, 173], 9, 1]]
[159, 159] [141, 173]
150.0 166.0
[[ 7.          8.          4.24264069  2.        ]
 [15.         18.          7.07106781  2.        ]
 [13.         16.         14.14213562  2.        ]
 [14.         17.         14.14213562  2.        ]
 [ 1.         21.         16.4468842   3.        ]
 [ 3.         12.         16.64331698  2.        ]
 [ 0.          9.         22.8035085   2.        ]
 [ 0.          0.          0.          0.        ]
 [ 0.          0.          0.          0.        ]
 [ 0.          0.          0.          0.        ]
 [ 0.          0.          0.          0.        ]
 [ 0.          0.          0.          0.        ]
 [ 0.          0.          0.          0.        ]
 [ 0.          0.          0.          0.        ]
 [ 0.          0.          0.          0.        ]
 [ 0.          0.          0.          0.        ]
 [ 0.          0.          0.          0.        ]
 [ 0.          0.          0.          0.        ]
 [ 0.          0.          0.          0.        ]]
[[[224, 181], 5, 1], [[204.75, 195.25], 24, 3]]
[224, 181] [204.75, 195.25]
214.375 188.125
[[ 7.          8.          4.24264069  2.        ]
 [15.         18.          7.07106781  2.        ]
 [13.         16.         14.14213562  2.        ]
 [14.         17.         14.14213562  2.        ]
 [ 1.         21.         16.4468842   3.        ]
 [ 3.         12.         16.64331698  2.        ]
 [ 0.          9.         22.8035085   2.        ]
 [ 5.         24.         23.95046972  4.        ]
 [ 0.          0.          0.          0.        ]
 [ 0.          0.          0.          0.        ]
 [ 0.          0.          0.          0.        ]
 [ 0.          0.          0.          0.        ]
 [ 0.          0.          0.          0.        ]
 [ 0.          0.          0.          0.        ]
 [ 0.          0.          0.          0.        ]
 [ 0.          0.          0.          0.        ]
 [ 0.          0.          0.          0.        ]
 [ 0.          0.          0.          0.        ]
 [ 0.          0.          0.          0.        ]]
[[[262, 263], 2, 1], [[246, 284], 11, 1]]
[262, 263] [246, 284]
254.0 273.5
[[ 7.          8.          4.24264069  2.        ]
 [15.         18.          7.07106781  2.        ]
 [13.         16.         14.14213562  2.        ]
 [14.         17.         14.14213562  2.        ]
 [ 1.         21.         16.4468842   3.        ]
 [ 3.         12.         16.64331698  2.        ]
 [ 0.          9.         22.8035085   2.        ]
 [ 5.         24.         23.95046972  4.        ]
 [ 2.         11.         26.40075756  2.        ]
 [ 0.          0.          0.          0.        ]
 [ 0.          0.          0.          0.        ]
 [ 0.          0.          0.          0.        ]
 [ 0.          0.          0.          0.        ]
 [ 0.          0.          0.          0.        ]
 [ 0.          0.          0.          0.        ]
 [ 0.          0.          0.          0.        ]
 [ 0.          0.          0.          0.        ]
 [ 0.          0.          0.          0.        ]
 [ 0.          0.          0.          0.        ]]
[[[100.0, 95.0], 22, 2], [[80.0, 125.0], 23, 2]]
[100.0, 95.0] [80.0, 125.0]
90.0 110.0
[[ 7.          8.          4.24264069  2.        ]
 [15.         18.          7.07106781  2.        ]
 [13.         16.         14.14213562  2.        ]
 [14.         17.         14.14213562  2.        ]
 [ 1.         21.         16.4468842   3.        ]
 [ 3.         12.         16.64331698  2.        ]
 [ 0.          9.         22.8035085   2.        ]
 [ 5.         24.         23.95046972  4.        ]
 [ 2.         11.         26.40075756  2.        ]
 [22.         23.         36.05551275  4.        ]
 [ 0.          0.          0.          0.        ]
 [ 0.          0.          0.          0.        ]
 [ 0.          0.          0.          0.        ]
 [ 0.          0.          0.          0.        ]
 [ 0.          0.          0.          0.        ]
 [ 0.          0.          0.          0.        ]
 [ 0.          0.          0.          0.        ]
 [ 0.          0.          0.          0.        ]
 [ 0.          0.          0.          0.        ]]
[[[186, 219], 10, 1], [[214.375, 188.125], 27, 4]]
[186, 219] [214.375, 188.125]
200.1875 203.5625
[[ 7.          8.          4.24264069  2.        ]
 [15.         18.          7.07106781  2.        ]
 [13.         16.         14.14213562  2.        ]
 [14.         17.         14.14213562  2.        ]
 [ 1.         21.         16.4468842   3.        ]
 [ 3.         12.         16.64331698  2.        ]
 [ 0.          9.         22.8035085   2.        ]
 [ 5.         24.         23.95046972  4.        ]
 [ 2.         11.         26.40075756  2.        ]
 [22.         23.         36.05551275  4.        ]
 [10.         27.         41.93335486  5.        ]
 [ 0.          0.          0.          0.        ]
 [ 0.          0.          0.          0.        ]
 [ 0.          0.          0.          0.        ]
 [ 0.          0.          0.          0.        ]
 [ 0.          0.          0.          0.        ]
 [ 0.          0.          0.          0.        ]
 [ 0.          0.          0.          0.        ]
 [ 0.          0.          0.          0.        ]]
[[[177, 132], 4, 1], [[150.0, 166.0], 26, 2]]
[177, 132] [150.0, 166.0]
163.5 149.0
[[ 7.          8.          4.24264069  2.        ]
 [15.         18.          7.07106781  2.        ]
 [13.         16.         14.14213562  2.        ]
 [14.         17.         14.14213562  2.        ]
 [ 1.         21.         16.4468842   3.        ]
 [ 3.         12.         16.64331698  2.        ]
 [ 0.          9.         22.8035085   2.        ]
 [ 5.         24.         23.95046972  4.        ]
 [ 2.         11.         26.40075756  2.        ]
 [22.         23.         36.05551275  4.        ]
 [10.         27.         41.93335486  5.        ]
 [ 4.         26.         43.41658669  3.        ]
 [ 0.          0.          0.          0.        ]
 [ 0.          0.          0.          0.        ]
 [ 0.          0.          0.          0.        ]
 [ 0.          0.          0.          0.        ]
 [ 0.          0.          0.          0.        ]
 [ 0.          0.          0.          0.        ]
 [ 0.          0.          0.          0.        ]]
[[[293, 241], 6, 1], [[254.0, 273.5], 28, 2]]
[293, 241] [254.0, 273.5]
273.5 257.25
[[ 7.          8.          4.24264069  2.        ]
 [15.         18.          7.07106781  2.        ]
 [13.         16.         14.14213562  2.        ]
 [14.         17.         14.14213562  2.        ]
 [ 1.         21.         16.4468842   3.        ]
 [ 3.         12.         16.64331698  2.        ]
 [ 0.          9.         22.8035085   2.        ]
 [ 5.         24.         23.95046972  4.        ]
 [ 2.         11.         26.40075756  2.        ]
 [22.         23.         36.05551275  4.        ]
 [10.         27.         41.93335486  5.        ]
 [ 4.         26.         43.41658669  3.        ]
 [ 6.         28.         50.76662289  3.        ]
 [ 0.          0.          0.          0.        ]
 [ 0.          0.          0.          0.        ]
 [ 0.          0.          0.          0.        ]
 [ 0.          0.          0.          0.        ]
 [ 0.          0.          0.          0.        ]
 [ 0.          0.          0.          0.        ]]
[[[200.1875, 203.5625], 30, 5], [[163.5, 149.0], 31, 3]]
[200.1875, 203.5625] [163.5, 149.0]
181.84375 176.28125
[[ 7.          8.          4.24264069  2.        ]
 [15.         18.          7.07106781  2.        ]
 [13.         16.         14.14213562  2.        ]
 [14.         17.         14.14213562  2.        ]
 [ 1.         21.         16.4468842   3.        ]
 [ 3.         12.         16.64331698  2.        ]
 [ 0.          9.         22.8035085   2.        ]
 [ 5.         24.         23.95046972  4.        ]
 [ 2.         11.         26.40075756  2.        ]
 [22.         23.         36.05551275  4.        ]
 [10.         27.         41.93335486  5.        ]
 [ 4.         26.         43.41658669  3.        ]
 [ 6.         28.         50.76662289  3.        ]
 [30.         31.         65.74982177  8.        ]
 [ 0.          0.          0.          0.        ]
 [ 0.          0.          0.          0.        ]
 [ 0.          0.          0.          0.        ]
 [ 0.          0.          0.          0.        ]
 [ 0.          0.          0.          0.        ]]
[[[361.5, 272.5], 20, 2], [[309.0, 318.5], 25, 2]]
[361.5, 272.5] [309.0, 318.5]
335.25 295.5
[[ 7.          8.          4.24264069  2.        ]
 [15.         18.          7.07106781  2.        ]
 [13.         16.         14.14213562  2.        ]
 [14.         17.         14.14213562  2.        ]
 [ 1.         21.         16.4468842   3.        ]
 [ 3.         12.         16.64331698  2.        ]
 [ 0.          9.         22.8035085   2.        ]
 [ 5.         24.         23.95046972  4.        ]
 [ 2.         11.         26.40075756  2.        ]
 [22.         23.         36.05551275  4.        ]
 [10.         27.         41.93335486  5.        ]
 [ 4.         26.         43.41658669  3.        ]
 [ 6.         28.         50.76662289  3.        ]
 [30.         31.         65.74982177  8.        ]
 [20.         25.         69.80150428  4.        ]
 [ 0.          0.          0.          0.        ]
 [ 0.          0.          0.          0.        ]
 [ 0.          0.          0.          0.        ]
 [ 0.          0.          0.          0.        ]]
[[[273.5, 257.25], 32, 3], [[335.25, 295.5], 34, 4]]
[273.5, 257.25] [335.25, 295.5]
304.375 276.375
[[ 7.          8.          4.24264069  2.        ]
 [15.         18.          7.07106781  2.        ]
 [13.         16.         14.14213562  2.        ]
 [14.         17.         14.14213562  2.        ]
 [ 1.         21.         16.4468842   3.        ]
 [ 3.         12.         16.64331698  2.        ]
 [ 0.          9.         22.8035085   2.        ]
 [ 5.         24.         23.95046972  4.        ]
 [ 2.         11.         26.40075756  2.        ]
 [22.         23.         36.05551275  4.        ]
 [10.         27.         41.93335486  5.        ]
 [ 4.         26.         43.41658669  3.        ]
 [ 6.         28.         50.76662289  3.        ]
 [30.         31.         65.74982177  8.        ]
 [20.         25.         69.80150428  4.        ]
 [32.         34.         72.63693964  7.        ]
 [ 0.          0.          0.          0.        ]
 [ 0.          0.          0.          0.        ]
 [ 0.          0.          0.          0.        ]]
[[[310, 185], 19, 1], [[304.375, 276.375], 35, 7]]
[310, 185] [304.375, 276.375]
307.1875 230.6875
[[ 7.          8.          4.24264069  2.        ]
 [15.         18.          7.07106781  2.        ]
 [13.         16.         14.14213562  2.        ]
 [14.         17.         14.14213562  2.        ]
 [ 1.         21.         16.4468842   3.        ]
 [ 3.         12.         16.64331698  2.        ]
 [ 0.          9.         22.8035085   2.        ]
 [ 5.         24.         23.95046972  4.        ]
 [ 2.         11.         26.40075756  2.        ]
 [22.         23.         36.05551275  4.        ]
 [10.         27.         41.93335486  5.        ]
 [ 4.         26.         43.41658669  3.        ]
 [ 6.         28.         50.76662289  3.        ]
 [30.         31.         65.74982177  8.        ]
 [20.         25.         69.80150428  4.        ]
 [32.         34.         72.63693964  7.        ]
 [19.         35.         91.5479724   8.        ]
 [ 0.          0.          0.          0.        ]
 [ 0.          0.          0.          0.        ]]
[[[90.0, 110.0], 29, 4], [[181.84375, 176.28125], 33, 8]]
[90.0, 110.0] [181.84375, 176.28125]
135.921875 143.140625
[[  7.           8.           4.24264069   2.        ]
 [ 15.          18.           7.07106781   2.        ]
 [ 13.          16.          14.14213562   2.        ]
 [ 14.          17.          14.14213562   2.        ]
 [  1.          21.          16.4468842    3.        ]
 [  3.          12.          16.64331698   2.        ]
 [  0.           9.          22.8035085    2.        ]
 [  5.          24.          23.95046972   4.        ]
 [  2.          11.          26.40075756   2.        ]
 [ 22.          23.          36.05551275   4.        ]
 [ 10.          27.          41.93335486   5.        ]
 [  4.          26.          43.41658669   3.        ]
 [  6.          28.          50.76662289   3.        ]
 [ 30.          31.          65.74982177   8.        ]
 [ 20.          25.          69.80150428   4.        ]
 [ 32.          34.          72.63693964   7.        ]
 [ 19.          35.          91.5479724    8.        ]
 [ 29.          33.         113.26287351  12.        ]
 [  0.           0.           0.           0.        ]]
[[[307.1875, 230.6875], 36, 8], [[135.921875, 143.140625], 37, 12]]
[307.1875, 230.6875] [135.921875, 143.140625]
221.5546875 186.9140625
[[  7.           8.           4.24264069   2.        ]
 [ 15.          18.           7.07106781   2.        ]
 [ 13.          16.          14.14213562   2.        ]
 [ 14.          17.          14.14213562   2.        ]
 [  1.          21.          16.4468842    3.        ]
 [  3.          12.          16.64331698   2.        ]
 [  0.           9.          22.8035085    2.        ]
 [  5.          24.          23.95046972   4.        ]
 [  2.          11.          26.40075756   2.        ]
 [ 22.          23.          36.05551275   4.        ]
 [ 10.          27.          41.93335486   5.        ]
 [  4.          26.          43.41658669   3.        ]
 [  6.          28.          50.76662289   3.        ]
 [ 30.          31.          65.74982177   8.        ]
 [ 20.          25.          69.80150428   4.        ]
 [ 32.          34.          72.63693964   7.        ]
 [ 19.          35.          91.5479724    8.        ]
 [ 29.          33.         113.26287351  12.        ]
 [ 36.          37.         192.34440368  20.        ]]
