[[159, 159], [202, 203], [262, 263], [302, 323], [177, 132], [224, 181], [293, 241], [360, 274], [363, 271], [141, 173], [186, 219], [246, 284], [316, 314], [95, 100], [75, 130], [205, 190], [105, 90], [85, 120], [210, 185], [310, 185]]
[[159, 159], [202, 203], [262, 263], [302, 323], [177, 132], [224, 181], [293, 241], [360, 274], [363, 271], [141, 173], [186, 219], [246, 284], [316, 314], [95, 100], [75, 130], [205, 190], [105, 90], [85, 120], [210, 185], [310, 185]]
[[ 7.          8.          4.24264069  2.        ]
 [15.         18.          7.07106781  2.        ]
 [ 1.         21.         13.34166406  3.        ]
 [14.         17.         14.14213562  2.        ]
 [13.         16.         14.14213562  2.        ]
 [ 5.         22.         14.56021978  4.        ]
 [ 3.         12.         16.64331698  2.        ]
 [23.         24.         22.36067977  4.        ]
 [10.         25.         22.627417    5.        ]
 [ 0.          9.         22.8035085   2.        ]
 [ 2.         11.         26.40075756  2.        ]
 [ 4.         29.         32.44996148  3.        ]
 [ 6.         30.         38.01315562  3.        ]
 [28.         31.         55.47071299  8.        ]
 [19.         32.         58.52349955  4.        ]
 [20.         26.         59.46427499  4.        ]
 [34.         35.         68.24221567  8.        ]
 [27.         33.         77.1038261  12.        ]
 [36.         37.         84.85281374 20.        ]]
