13
79 78 64 50 36 22 8 163 149 135 121 107 93 
94 80 66 65 51 37 23 9 164 150 136 122 108 
109 95 81 67 53 52 38 24 10 165 151 137 123 
124 110 96 82 68 54 40 39 25 11 166 152 138 
139 125 111 97 83 69 55 41 27 26 12 167 153 
154 140 126 112 98 84 70 56 42 28 14 13 168 
169 155 141 127 113 99 85 71 57 43 29 15 1 
2 157 156 142 128 114 100 86 72 58 44 30 16 
17 3 158 144 143 129 115 101 87 73 59 45 31 
32 18 4 159 145 131 130 116 102 88 74 60 46 
47 33 19 5 160 146 132 118 117 103 89 75 61 
62 48 34 20 6 161 147 133 119 105 104 90 76 
77 63 49 35 21 7 162 148 134 120 106 92 91 
