17
137 136 118 100 82 64 46 28 10 281 263 245 227 209 191 173 155 
156 138 120 119 101 83 65 47 29 11 282 264 246 228 210 192 174 
175 157 139 121 103 102 84 66 48 30 12 283 265 247 229 211 193 
194 176 158 140 122 104 86 85 67 49 31 13 284 266 248 230 212 
213 195 177 159 141 123 105 87 69 68 50 32 14 285 267 249 231 
232 214 196 178 160 142 124 106 88 70 52 51 33 15 286 268 250 
251 233 215 197 179 161 143 125 107 89 71 53 35 34 16 287 269 
270 252 234 216 198 180 162 144 126 108 90 72 54 36 18 17 288 
289 271 253 235 217 199 181 163 145 127 109 91 73 55 37 19 1 
2 273 272 254 236 218 200 182 164 146 128 110 92 74 56 38 20 
21 3 274 256 255 237 219 201 183 165 147 129 111 93 75 57 39 
40 22 4 275 257 239 238 220 202 184 166 148 130 112 94 76 58 
59 41 23 5 276 258 240 222 221 203 185 167 149 131 113 95 77 
78 60 42 24 6 277 259 241 223 205 204 186 168 150 132 114 96 
97 79 61 43 25 7 278 260 242 224 206 188 187 169 151 133 115 
116 98 80 62 44 26 8 279 261 243 225 207 189 171 170 152 134 
135 117 99 81 63 45 27 9 280 262 244 226 208 190 172 154 153 
