19
172 171 151 131 111 91 71 51 31 11 352 332 312 292 272 252 232 212 192 
193 173 153 152 132 112 92 72 52 32 12 353 333 313 293 273 253 233 213 
214 194 174 154 134 133 113 93 73 53 33 13 354 334 314 294 274 254 234 
235 215 195 175 155 135 115 114 94 74 54 34 14 355 335 315 295 275 255 
256 236 216 196 176 156 136 116 96 95 75 55 35 15 356 336 316 296 276 
277 257 237 217 197 177 157 137 117 97 77 76 56 36 16 357 337 317 297 
298 278 258 238 218 198 178 158 138 118 98 78 58 57 37 17 358 338 318 
319 299 279 259 239 219 199 179 159 139 119 99 79 59 39 38 18 359 339 
340 320 300 280 260 240 220 200 180 160 140 120 100 80 60 40 20 19 360 
361 341 321 301 281 261 241 221 201 181 161 141 121 101 81 61 41 21 1 
2 343 342 322 302 282 262 242 222 202 182 162 142 122 102 82 62 42 22 
23 3 344 324 323 303 283 263 243 223 203 183 163 143 123 103 83 63 43 
44 24 4 345 325 305 304 284 264 244 224 204 184 164 144 124 104 84 64 
65 45 25 5 346 326 306 286 285 265 245 225 205 185 165 145 125 105 85 
86 66 46 26 6 347 327 307 287 267 266 246 226 206 186 166 146 126 106 
107 87 67 47 27 7 348 328 308 288 268 248 247 227 207 187 167 147 127 
128 108 88 68 48 28 8 349 329 309 289 269 249 229 228 208 188 168 148 
149 129 109 89 69 49 29 9 350 330 310 290 270 250 230 210 209 189 169 
170 150 130 110 90 70 50 30 10 351 331 311 291 271 251 231 211 191 190 